Problem ID, Size,      Nx,      Ny,      Nz,  Niter,     tavg,     tmin,     tmax
20,            2,      64,      64,      64,   1000, 1.173427, 1.173427, 1.173427
21,            2,      64,      64,      64,   1000, 0.793460, 0.793459, 0.793460
22,            2,      64,      64,      64,   1000, 0.127130, 0.127109, 0.127152
23,            2,      64,      64,      64,   1000, 0.290435, 0.290425, 0.290444
20,            2,     128,     128,     128,   1000, 8.297019, 8.297018, 8.297019
21,            2,     128,     128,     128,   1000, 5.519727, 5.519717, 5.519737
22,            2,     128,     128,     128,   1000, 0.252511, 0.252352, 0.252670
23,            2,     128,     128,     128,   1000, 0.369507, 0.369474, 0.369539
20,            2,     256,     256,     256,   1000, 66.984276, 66.984276, 66.984277
21,            2,     256,     256,     256,   1000, 44.803527, 44.803524, 44.803531
22,            2,     256,     256,     256,   1000, 0.989473, 0.989219, 0.989728
23,            2,     256,     256,     256,   1000, 1.135770, 1.134871, 1.136668
20,            2,     512,     512,     512,   1000, 519.521018, 519.521017, 519.521018
21,            2,     512,     512,     512,   1000, 350.251519, 350.251023, 350.252016
22,            2,     512,     512,     512,   1000, 5.909024, 5.906610, 5.911437
23,            2,     512,     512,     512,   1000, 6.145024, 6.141480, 6.148568
20,            2,    1024,    1024,    1024,   1000, 4142.720511, 4142.720509, 4142.720512
21,            2,    1024,    1024,    1024,   1000, 2817.158458, 2817.152542, 2817.164373
22,            2,    1024,    1024,    1024,   1000, 52.641882, 52.622564, 52.661199
23,            2,    1024,    1024,    1024,   1000, 49.758112, 49.716326, 49.799897
