Problem ID, Size,      Nx,      Ny,      Nz,  Niter,     tavg,     tmin,     tmax
22,            2,      64,      64,      64,  10000, 0.980841, 0.980839, 0.980842
23,            2,      64,      64,      64,  10000, 1.584387, 1.584382, 1.584392
22,            2,     128,     128,     128,  10000, 1.982305, 1.982168, 1.982442
23,            2,     128,     128,     128,  10000, 2.559600, 2.559578, 2.559622
22,            2,     256,     256,     256,  10000, 8.455485, 8.455177, 8.455793
23,            2,     256,     256,     256,  10000, 9.174858, 9.174578, 9.175139
22,            2,     512,     512,     512,  10000, 49.529231, 49.526852, 49.531610
23,            2,     512,     512,     512,  10000, 51.245127, 51.241074, 51.249180
22,            2,    1024,    1024,    1024,  10000, 451.653835, 451.639788, 451.667883
23,            2,    1024,    1024,    1024,  10000, 422.831908, 422.824597, 422.839218
22,            4,      64,      64,      64,  10000, 1.582706, 1.582574, 1.582769
23,            4,      64,      64,      64,  10000, 2.130480, 2.130447, 2.130495
22,            4,     128,     128,     128,  10000, 3.282030, 3.281711, 3.282316
23,            4,     128,     128,     128,  10000, 3.621219, 3.621147, 3.621269
22,            4,     256,     256,     256,  10000, 11.790576, 11.790122, 11.791529
23,            4,     256,     256,     256,  10000, 11.433156, 11.433061, 11.433278
22,            4,     512,     512,     512,  10000, 52.093559, 52.091400, 52.098615
23,            4,     512,     512,     512,  10000, 49.226246, 49.223043, 49.230036
22,            4,    1024,    1024,    1024,  10000, 310.969965, 310.944508, 310.990405
23,            4,    1024,    1024,    1024,  10000, 290.308424, 290.285073, 290.326196
22,            4,    1500,    1500,    1500,  10000, 821.334264, 821.236684, 821.405201
23,            4,    1500,    1500,    1500,  10000, 730.730120, 730.654894, 730.770208
22,            4,    1700,    1700,    1700,  10000, 1173.531624, 1173.477122, 1173.566047
23,            4,    1700,    1700,    1700,  10000, 1047.147475, 1047.079762, 1047.194846
22,            6,      64,      64,      64,  10000, 1.575199, 1.575063, 1.575274
23,            6,      64,      64,      64,  10000, 2.140297, 2.140245, 2.140355
22,            6,     128,     128,     128,  10000, 3.220056, 3.219637, 3.220836
23,            6,     128,     128,     128,  10000, 3.633749, 3.633541, 3.634253
22,            6,     256,     256,     256,  10000, 11.251107, 11.249997, 11.252242
23,            6,     256,     256,     256,  10000, 10.941420, 10.940673, 10.942101
22,            6,     512,     512,     512,  10000, 46.845329, 46.840939, 46.849751
23,            6,     512,     512,     512,  10000, 44.118194, 44.115715, 44.119946
22,            6,    1024,    1024,    1024,  10000, 251.171159, 251.148746, 251.187332
23,            6,    1024,    1024,    1024,  10000, 234.248393, 234.219527, 234.272406
22,            6,    1500,    1500,    1500,  10000, 644.351517, 644.281405, 644.427596
23,            6,    1500,    1500,    1500,  10000, 583.519605, 583.442442, 583.585002
22,            6,    1700,    1700,    1700,  10000, 902.452146, 902.353418, 902.522044
23,            6,    1700,    1700,    1700,  10000, 801.179064, 801.097824, 801.243032
22,            6,    1800,    1800,    1800,  10000, 1061.916651, 1061.872116, 1061.987818
23,            6,    1800,    1800,    1800,  10000, 955.791697, 955.730896, 955.832526
22,            6,    1900,    1900,    1900,  10000, 1240.995669, 1240.897102, 1241.104742
23,            6,    1900,    1900,    1900,  10000, 1110.660019, 1110.589398, 1110.730338
