Problem ID, Size,      Nx,      Ny,      Nz,  Niter,     tavg,     tmin,     tmax
10,            1,      64,      64,      64,   5000, 2.326143, 2.326143, 2.326143
10,            2,      64,      64,      64,   5000, 1.357905, 1.357905, 1.357905
10,            4,      64,      64,      64,   5000, 1.024731, 1.024712, 1.024743
10,            8,      64,      64,      64,   5000, 0.946682, 0.946632, 0.946737
10,           16,      64,      64,      64,   5000, 1.285754, 1.285675, 1.285852
10,           24,      64,      64,      64,   5000, 1.609051, 1.608912, 1.609168
11,            1,      64,      64,      64,   5000, 2.284780, 2.284780, 2.284780
11,            2,      64,      64,      64,   5000, 1.347528, 1.347527, 1.347528
11,            4,      64,      64,      64,   5000, 0.862146, 0.861780, 0.862277
11,            8,      64,      64,      64,   5000, 0.511662, 0.511527, 0.511735
11,           16,      64,      64,      64,   5000, 0.348819, 0.348745, 0.348855
11,           24,      64,      64,      64,   5000, 0.325782, 0.325636, 0.325916
10,            1,      90,      90,      90,   5000, 5.852849, 5.852849, 5.852849
10,            2,      90,      90,      90,   5000, 3.583019, 3.583019, 3.583019
10,            4,      90,      90,      90,   5000, 1.902852, 1.902831, 1.902864
10,            8,      90,      90,      90,   5000, 1.605771, 1.605715, 1.605829
10,           16,      90,      90,      90,   5000, 2.022272, 2.022134, 2.022417
10,           24,      90,      90,      90,   5000, 2.520738, 2.520499, 2.520979
11,            1,      90,      90,      90,   5000, 5.549329, 5.549329, 5.549329
11,            2,      90,      90,      90,   5000, 3.229694, 3.229692, 3.229697
11,            4,      90,      90,      90,   5000, 1.814910, 1.814576, 1.815112
11,            8,      90,      90,      90,   5000, 1.105259, 1.105004, 1.105451
11,           16,      90,      90,      90,   5000, 0.685338, 0.685028, 0.685457
11,           24,      90,      90,      90,   5000, 0.628800, 0.628364, 0.628993
10,            1,     128,     128,     128,   5000, 21.422356, 21.422356, 21.422356
10,            2,     128,     128,     128,   5000, 11.643613, 11.643613, 11.643614
10,            4,     128,     128,     128,   5000, 6.646608, 6.646553, 6.646650
10,            8,     128,     128,     128,   5000, 5.274640, 5.274476, 5.274774
10,           16,     128,     128,     128,   5000, 4.739776, 4.739442, 4.740045
10,           24,     128,     128,     128,   5000, 5.576341, 5.575857, 5.576730
11,            1,     128,     128,     128,   5000, 21.303388, 21.303388, 21.303388
11,            2,     128,     128,     128,   5000, 11.374251, 11.374248, 11.374254
11,            4,     128,     128,     128,   5000, 6.331864, 6.330518, 6.332662
11,            8,     128,     128,     128,   5000, 4.435033, 4.434589, 4.435401
11,           16,     128,     128,     128,   5000, 2.510016, 2.509263, 2.510347
11,           24,     128,     128,     128,   5000, 1.693406, 1.691280, 1.694726
10,            1,     256,     256,     256,   5000, 216.461772, 216.461772, 216.461772
10,            2,     256,     256,     256,   5000, 113.368332, 113.368332, 113.368332
10,            4,     256,     256,     256,   5000, 61.687882, 61.687621, 61.688036
10,            8,     256,     256,     256,   5000, 47.867284, 47.866510, 47.867875
10,           16,     256,     256,     256,   5000, 40.296093, 40.294226, 40.297638
10,           24,     256,     256,     256,   5000, 45.310177, 45.307298, 45.312727
11,            1,     256,     256,     256,   5000, 215.544015, 215.544015, 215.544015
11,            2,     256,     256,     256,   5000, 112.723227, 112.723225, 112.723230
11,            4,     256,     256,     256,   5000, 59.786785, 59.778417, 59.789618
11,            8,     256,     256,     256,   5000, 42.742574, 42.732650, 42.745810
11,           16,     256,     256,     256,   5000, 33.117736, 33.090008, 33.127075
11,           24,     256,     256,     256,   5000, 23.417888, 23.379706, 23.43764710,           28,      64,      64,      64,   5000, 1.889876, 1.889667, 1.890113
10,           36,      64,      64,      64,   5000, 2.137600, 2.137365, 2.138003
10,           44,      64,      64,      64,   5000, 2.512282, 2.511871, 2.513173
10,           48,      64,      64,      64,   5000, 2.671044, 2.670618, 2.671838
11,           28,      64,      64,      64,   5000, 0.229388, 0.229267, 0.229499
11,           36,      64,      64,      64,   5000, 0.257541, 0.257247, 0.257707
11,           44,      64,      64,      64,   5000, 0.254349, 0.253982, 0.254578
11,           48,      64,      64,      64,   5000, 0.256146, 0.255888, 0.256382
10,           28,      90,      90,      90,   5000, 2.882079, 2.881792, 2.882362
10,           36,      90,      90,      90,   5000, 3.493597, 3.493230, 3.494101
10,           44,      90,      90,      90,   5000, 4.171567, 4.171099, 4.172369
10,           48,      90,      90,      90,   5000, 4.393619, 4.393086, 4.394586
11,           28,      90,      90,      90,   5000, 0.537712, 0.537259, 0.538146
11,           36,      90,      90,      90,   5000, 0.524021, 0.523420, 0.524316
11,           44,      90,      90,      90,   5000, 0.472623, 0.471863, 0.473076
11,           48,      90,      90,      90,   5000, 0.515483, 0.514701, 0.515962
10,           28,     128,     128,     128,   5000, 5.559137, 5.558648, 5.559643
10,           36,     128,     128,     128,   5000, 6.363906, 6.363285, 6.364672
10,           44,     128,     128,     128,   5000, 7.582896, 7.582046, 7.584263
10,           48,     128,     128,     128,   5000, 8.338358, 8.337445, 8.339692
11,           28,     128,     128,     128,   5000, 1.450914, 1.449116, 1.451735
11,           36,     128,     128,     128,   5000, 1.089247, 1.087456, 1.090112
11,           44,     128,     128,     128,   5000, 0.892005, 0.891692, 0.892244
11,           48,     128,     128,     128,   5000, 0.876223, 0.874688, 0.877132
10,           28,     256,     256,     256,   5000, 45.217812, 45.210722, 45.220978
10,           36,     256,     256,     256,   5000, 54.586084, 54.581840, 54.590063
10,           44,     256,     256,     256,   5000, 61.122699, 61.117506, 61.127536
10,           48,     256,     256,     256,   5000, 66.285952, 66.280271, 66.291282
11,           28,     256,     256,     256,   5000, 20.177624, 20.136149, 20.208262
11,           36,     256,     256,     256,   5000, 16.589726, 16.547287, 16.623226
11,           44,     256,     256,     256,   5000, 14.206078, 14.177737, 14.215137
11,           48,     256,     256,     256,   5000, 14.201365, 14.154416, 14.229442
10,           28,     512,     512,     512,   5000, 272.667155, 272.653449, 272.679046
10,           36,     512,     512,     512,   5000, 298.127544, 298.110057, 298.143842
10,           44,     512,     512,     512,   5000, 310.626084, 310.604619, 310.646433
10,           48,     512,     512,     512,   5000, 338.357992, 338.334468, 338.380588
11,           28,     512,     512,     512,   5000, 173.332081, 172.958587, 173.581571
11,           36,     512,     512,     512,   5000, 137.995853, 137.604012, 138.272850
11,           44,     512,     512,     512,   5000, 114.577741, 114.217606, 114.774535
11,           48,     512,     512,     512,   5000, 104.701332, 104.332789, 104.919746
